RelaxIS 3.0 Spectrum export
Date: 12/16/2025 2:29:15 PM
Data: Frequency	Data: Z'	Data: Z''	Data: |Z|	Data: Theta (Z)
DC=-0.080042, TM=33.741076, J=-5E-6, FV2=1	Model: Unassigned Spectra	(WE/RE Spectrum) PEIS_TSeq7_-25C_#61_C01.mpr_1		
0.10002180933952332	1799427.625	-8093785.5	8291399.3690826036	-77.465737538855649
0.12605488300323486	1437206.125	-6639494	6793264.4598729936	-77.786012784608388
0.15884265303611755	1139984.25	-5420088	5538674.7528621014	-78.122344487329997
0.20027980208396912	902134.4375	-4435824	4526630.2148838537	-78.504268689641549
0.25263577699661255	720854.0625	-3622934.5	3693952.4862554749	-78.74684209069602
0.31843557953834534	576366.625	-2960067	3015658.3246287853	-78.981575567481102
0.40150582790374756	460009.5625	-2409447.25	2452966.5403596526	-79.191214324982866
0.50586014986038208	366094.25	-1964708.5	1998525.5789844955	-79.444832702772331
0.63775479793548584	291935	-1602771.875	1629142.0218986482	-79.677093639371293
0.80433487892150879	234300.953125	-1303392	1324283.8224109225	-79.80920970046455
1.0128990411758423	188480.8125	-1060613.875	1077231.0840869641	-79.923212506100143
1.2769699096679688	150278.859375	-864034.875	877006.27180842706	-80.13342553097786
1.6108230352401733	121456.6484375	-702541.3125	712962.84140121436	-80.191550983587788
2.030275821685791	97937.4375	-570832.5	579173.10427912348	-80.264578428765105
2.558119535446167	78325.609375	-464363.65625	470923.03652490099	-80.425866949912887
3.2256395816802979	63876.59375	-376872.5625	382247.49521013076	-80.380288716431451
4.0647759437561035	51780.2109375	-306533.21875	310875.86661233025	-80.411994147593134
5.126312255859375	41826.8359375	-248422.765625	251919.34162607725	-80.442771533757323
6.4619555473327637	34213.16015625	-201936.1875	204813.97449859805	-80.383943890579218
8.1465396881103516	27914.228515625	-163879.0625	166239.43960294573	-80.33333867532653
10.272860527038574	22832.5078125	-133020.109375	134965.45080554814	-80.260262011346242
12.948885917663574	18869.59375	-107951.8515625	109588.61174438735	-80.08507432489796
16.321390151977539	15641.1611328125	-87612.2109375	88997.446182121421	-79.877785159986374
20.57276725769043	13077.875	-71093.203125	72286.059133750925	-79.576743978362458
25.937929153442383	10867.849609375	-57753.87109375	58767.50617003825	-79.34297383213918
32.688304901123047	9242.697265625	-46910.71484375	47812.578051132303	-78.853926235333944
41.199699401855469	7783.1435546875	-38074.42578125	38861.796435121061	-78.44681287888524
51.944778442382813	6658.1103515625	-30912.443359375	31621.347028552584	-77.844977481289405
65.481964111328125	5722.82861328125	-25120.009765625	25763.649934783814	-77.165947190053501
82.543495178222656	4954.26123046875	-20453.234375	21044.70243881836	-76.383849815987375
104.10025787353516	4380.970703125	-16563.615234375	17133.191586334964	-75.184885517221332
131.21739196777344	3874.699462890625	-13516.01953125	14060.443801561043	-74.003747774748334
165.37010192871094	3442.772705078125	-11001.2255859375	11527.34350540127	-72.622777751332094
208.46575927734375	3115.857421875	-8964.7626953125	9490.8133295687658	-70.834225556386343
262.896728515625	2812.48388671875	-7299.84228515625	7822.8999099571656	-68.929319429359538
331.37872314453125	2576.437744140625	-5973.59912109375	6505.5297946412065	-66.669265747830977
417.72723388671875	2380.888916015625	-4866.0537109375	5417.2973656736503	-63.928172796469227
526.51611328125	2207.990478515625	-3984.23681640625	4555.1470846090879	-61.005589173733625
663.513671875	2066.11474609375	-3257.6640625	3857.6165294298039	-57.615822757050189
836.87158203125	1953.3011474609375	-2658.404052734375	3298.8630587320181	-53.69287195116263
1054.6595458984375	1849.2611083984375	-2167.2373046875	2848.9794983228921	-49.526523552846172
1329.571044921875	1775.6099853515625	-1774.8480224609375	2510.552991456997	-44.987703767510538
1675.5386962890625	1711.1563720703125	-1447.70703125	2241.4084362310055	-40.23256255905639
2112.9697265625	1657.9403076171875	-1182.357421875	2036.3533918955891	-35.494504621670657
2664.14892578125	1611.7001953125	-967.41162109375	1879.7507186320179	-30.973989203301205
3356.777099609375	1578.0020751953125	-788.8516845703125	1764.1931667394397	-26.560712717846041
4231.35595703125	1553.5318603515625	-645.220458984375	1682.1922249907691	-22.554328436361438
5334.73486328125	1527.410400390625	-525.4078369140625	1615.2510412663919	-18.982501233077002
6725.4306640625	1510.232421875	-433.83157348632813	1571.3089455088236	-16.027318721365312
8481.435546875	1496.08349609375	-357.12612915039063	1538.1173230303464	-13.425683175011653
10707.3935546875	1485.264404296875	-291.35971069335938	1513.5722089436861	-11.098604024180498
13472.3857421875	1475.5921630859375	-244.84671020507813	1495.7680780317801	-9.42131450975136
16988.94140625	1467.6396484375	-207.25477600097656	1482.2012953175299	-8.0379533326672394
21414.787109375	1461.453369140625	-177.20756530761719	1472.1577603554372	-6.9136111012182395
26991.166015625	1457.749755859375	-155.20884704589844	1465.9891326027571	-6.0774732047301185
34024.27734375	1451.33837890625	-140.86419677734375	1458.1583631485121	-5.5436574313210336
42894.51953125	1445.30810546875	-133.36085510253906	1451.4477728831125	-5.2718440589254367
54065.83984375	1439.728759765625	-132.16110229492188	1445.7819540498053	-5.2448150573463836
68159.8828125	1436.5753173828125	-136.70585632324219	1443.0651869082697	-5.4359510161658688
85928.2265625	1428.2359619140625	-148.24479675292969	1435.9089395462738	-5.9258373794587103
108317.25	1415.6241455078125	-162.73890686035156	1424.9476036510348	-6.5578847439770067
136542.46875	1405.01953125	-186.6077880859375	1417.3575236221438	-7.5654665953530289
172125.515625	1384.6043701171875	-217.34202575683594	1401.5587101180238	-8.9209519060301901
216987.078125	1360.547119140625	-250.13462829589844	1383.3494842860864	-10.417415556022606
273530.28125	1327.7161865234375	-287.15005493164063	1358.4128334212628	-12.203613635128603
344807.75	1282.1397705078125	-329.76336669921875	1323.8679198223022	-14.42371906699322
434670.0625	1224.2342529296875	-370.51910400390625	1279.0754131317542	-16.838637051736935
547942	1157.2569580078125	-406.12350463867188	1226.4501489573447	-19.33782513757161
690738.1875	1078.26611328125	-435.78433227539063	1162.998622229348	-22.00623709229211
870750.4375	995.2135009765625	-456.37283325195313	1094.8634962662886	-24.634664059180249
1097674.75	906.65966796875	-464.06210327148438	1018.5211775971857	-27.105053406865839
1383731.125	819.9796142578125	-464.1480712890625	942.23139402152572	-29.511957206585812
1744330.875	735.36102294921875	-455.0899658203125	864.79055907384566	-31.751958189559097
2198912.5	657.53857421875	-436.9603271484375	789.48800123073192	-33.605606112951605
2771953	584.4390869140625	-413.2763671875	715.79773818351816	-35.265404379332082
3494330.75	520.1661376953125	-386.64678955078125	648.12695567672927	-36.623940080417128
4404960.5	463.8212890625	-359.28680419921875	586.70026066066043	-37.762199596438663
5552896.5	408.14520263671875	-333.6051025390625	527.13837924729648	-39.26148798364764
7000018.5	359.241455078125	-290.92037963867188	462.26517318067289	-39.001192996014268
